Run semi-empirical minimization
 &qmmm
    qm_theory='AM1', grms_tol=0.0005,
 scfconv=1.d-10, ndiis_attempts=700,   qmcharge=-2,
 /
   8   O5'       12.4890       12.7040      -19.5260 
  15     P       11.8430       13.9070      -18.6370 
   8   O1P       12.2230       13.7700      -17.2040 
   8   O2P       12.2090       15.2380      -19.2480 
   8   O3P       10.2630       13.8060      -18.7890 
  15    PA        9.1890       12.6640      -18.5330 
   8   O1A        9.8600       11.3820      -18.2350 
   8   O2A        8.3870       12.6280      -19.8390 
   8   O5B        8.2680       13.0720      -17.2780 
   6   C5B        8.8130       13.1700      -15.9540 
   6   C1B        5.7840       12.0660      -14.7250 
   6   C2B        6.0620       11.3060      -16.0170 
   8   O2B        5.1630       10.2120      -16.1450 
   6   C3B        7.5340       10.9370      -15.8100 
   8   O3B        7.6780        9.7590      -15.0220 
   6   C4B        8.0860       12.1730      -15.0880 
   8   O4B        6.9510       12.8280      -14.4780 
   7   N1A        2.4430       15.0290      -12.1470 
   6   C2A        3.3700       14.1670      -11.7240 
   7   N3A        4.1860       13.3940      -12.4450 
   6   C4A        3.9790       13.5700      -13.7600 
   6   C5A        3.0530       14.4160      -14.3450 
   6   C6A        2.2610       15.1930      -13.4780 
   7   N6A        1.3760       16.1030      -13.8980 
   7   N7A        3.1260       14.3420      -15.7270 
   6   C8A        4.0800       13.4730      -15.9410 
   7   N9A        4.6470       12.9730      -14.7990 
   6   C5'       13.0800       13.0990      -20.7710 
   6   C4'       12.3800       12.3110      -21.8540 
   8   O4'       10.9720       12.2580      -21.6230 
   6   C3'       12.5950       12.8350      -23.2740 
   8   O3'       13.5920       13.8530      -23.3310 
   6   C2'       12.9140       11.7100      -24.2590 
   8   O2'       12.2210       10.5140      -23.9020 
   6   C1'       12.6110       12.1020      -25.6980 
   7    N1       15.1910       11.4710      -26.4210 
   6    C2       16.5060       11.0960      -26.6820 
   8    O2       17.4720       11.6070      -26.1050 
   7    N3       16.7630       10.0500      -27.5380 
   6    C4       15.8160        9.2890      -28.1940 
   6   C4X       14.4400        9.6460      -27.9080 
   8    O4       16.1730        8.3870      -28.9420 
   6   C5X       12.1850        9.1600      -28.0390 
   7    N5       13.4910        8.9080      -28.4260 
   6    C6       11.1810        8.2890      -28.4800 
   6    C7        9.8730        8.4040      -28.0260 
   6   C7M        8.8610        7.3610      -28.4160 
   6    C8        9.5400        9.4510      -27.1380 
   6   C8M        8.1400        9.6070      -26.6070 
   6    C9       10.5320       10.3290      -26.7150 
   6   C9A       11.8540       10.1970      -27.1440 
   6   C10       14.2090       10.7550      -26.9940 
   7   N10       12.9070       11.0040      -26.6410 

